13 0.123823 0.196723 0.059861 0.093871
3 0.041186 0.591084 0.046464 0.109928
4 0.369726 0.197146 0.072540 0.120032
13 0.288083 0.722600 0.071463 0.103610
13 0.452354 0.065528 0.061857 0.097053
13 0.615966 0.721901 0.072334 0.103305
13 0.780290 0.853494 0.068304 0.105545
13 0.780768 0.066899 0.072911 0.126528
11 0.944737 0.459978 0.066524 0.111102
11 0.205438 0.066322 0.067712 0.113034
13 0.863066 0.328882 0.077321 0.121634
12 0.369937 0.590689 0.047037 0.114591
0 0.269791 0.146431 0.315587 0.227912 0.291273 0.255899 0.258315 0.161351
6 0.422606 0.811015 0.488893 0.840199 0.486208 0.869129 0.416380 0.867666
