5 0.040788 0.722839 0.066311 0.107556
12 0.862352 0.853466 0.046465 0.113796
8 0.595973 0.541741 0.646283 0.622967 0.625789 0.648390 0.584707 0.556006
4 0.287410 0.065849 0.066941 0.110799
13 0.205412 0.854436 0.073548 0.115625
13 0.616756 0.196850 0.079127 0.094568
0 0.100351 0.022352 0.153563 0.087143 0.133361 0.121055 0.091009 0.039998
13 0.452440 0.853390 0.072847 0.087122
13 0.945039 0.591387 0.070693 0.111186
13 0.615855 0.853737 0.075716 0.076723
12 0.533673 0.065651 0.047905 0.117720
2 0.108128 0.529773 0.115633 0.654988 0.138153 0.648683 0.119258 0.527118
13 0.698095 0.196954 0.082129 0.115546
13 0.205388 0.591189 0.072334 0.104378
13 0.616037 0.065991 0.063801 0.105008
13 0.369692 0.328514 0.066255 0.095835
5 0.533783 0.854243 0.074307 0.120361
