13 0.123193 0.721901 0.027595 0.038866
6 0.588272 0.710318 0.636953 0.693653 0.641292 0.713701 0.596147 0.750095
13 0.780686 0.328803 0.019300 0.031886
13 0.534001 0.328529 0.036715 0.043997
1 0.017208 0.299168 0.024623 0.290844 0.063700 0.352932 0.049684 0.372125
13 0.698382 0.853400 0.029691 0.046744
3 0.862335 0.328110 0.023982 0.056723
13 0.698237 0.590699 0.029691 0.046744
5 0.616023 0.591107 0.024967 0.040441
13 0.123029 0.853466 0.027595 0.038866
13 0.698287 0.065611 0.022011 0.032017
13 0.287372 0.065619 0.036794 0.037290
13 0.862221 0.459816 0.031537 0.045693
13 0.369580 0.459559 0.027595 0.038866
12 0.615953 0.328155 0.020696 0.050420
