13 0.369619 0.065830 0.016097 0.027836
12 0.697933 0.459559 0.011827 0.037290
13 0.533673 0.459559 0.027595 0.038866
13 0.533915 0.328351 0.022011 0.032017
2 0.866514 0.009910 0.840570 0.109277 0.859184 0.119071 0.875597 0.015099
13 0.533837 0.196954 0.027595 0.038866
13 0.780257 0.459392 0.019711 0.032342
12 0.780059 0.853204 0.011170 0.027311
9 0.627348 0.168305 0.595868 0.199968 0.613743 0.232912 0.638768 0.183763
4 0.944519 0.328319 0.020936 0.034569
7 0.966140 0.816145 0.915285 0.870726 0.934161 0.899045 0.974359 0.832321
13 0.616327 0.721772 0.036715 0.043997
13 0.862388 0.853460 0.031537 0.045693
8 0.295634 0.008580 0.294294 0.122640 0.268659 0.116725 0.281412 0.005527
13 0.123029 0.327994 0.030880 0.038866
12 0.369743 0.721885 0.020696 0.050420
13 0.533837 0.065389 0.027595 0.038866
13 0.944686 0.459316 0.036715 0.043997
