1 0.680194 0.158266 0.688779 0.153635 0.715276 0.230857 0.698437 0.242929
13 0.205322 0.328256 0.030880 0.038866
13 0.041020 0.591188 0.022011 0.032017
13 0.862493 0.065694 0.022011 0.032017
0 0.771245 0.425003 0.796582 0.482961 0.779563 0.497717 0.763127 0.433060
12 0.123256 0.591104 0.020368 0.040441
13 0.615966 0.853204 0.027595 0.038866
13 0.698439 0.722117 0.036715 0.043997
13 0.944527 0.459471 0.022011 0.032017
13 0.698092 0.328266 0.019711 0.024144
12 0.040972 0.722400 0.020368 0.040441
13 0.862188 0.722164 0.027595 0.038866
13 0.369581 0.328256 0.019711 0.030987
13 0.862527 0.328501 0.016097 0.027836
