13 0.533837 0.590599 0.074987 0.105358
10 0.825870 0.141393 0.831309 0.261058 0.897677 0.253460 0.888562 0.131934
1 0.178960 0.281775 0.189723 0.273869 0.230768 0.368594 0.209910 0.387993
4 0.862259 0.591079 0.058764 0.097105
4 0.287551 0.853674 0.062809 0.104124
13 0.698901 0.590997 0.080515 0.096374
13 0.123304 0.328520 0.066817 0.096643
13 0.205313 0.853499 0.067503 0.082461
0 0.597092 0.410952 0.644678 0.488121 0.621367 0.517454 0.586137 0.426484
13 0.533894 0.853809 0.073686 0.106465
13 0.040945 0.459935 0.068425 0.112300
13 0.369459 0.459807 0.065703 0.094963
8 0.932625 0.270864 0.969728 0.373081 0.945149 0.389950 0.919066 0.280426
1 0.676561 0.664259 0.688950 0.659633 0.719486 0.773295 0.694931 0.786548
13 0.452401 0.459763 0.071373 0.112277
1 0.264585 0.011281 0.276456 0.005715 0.309948 0.113456 0.286559 0.128453
12 0.944358 0.197656 0.056521 0.112337
13 0.287443 0.328029 0.069405 0.084695
