13 0.864196 0.065680 0.061860 0.102197
11 0.944736 0.722689 0.071545 0.119256
10 0.577571 0.036876 0.601754 0.130241 0.653354 0.096091 0.625935 0.002794
13 0.041128 0.722248 0.064652 0.105964
13 0.780140 0.196695 0.080298 0.124430
0 0.460312 0.667035 0.458524 0.774788 0.429342 0.768221 0.445815 0.665151
7 0.863131 0.795423 0.845970 0.903261 0.875354 0.904360 0.877747 0.799157
11 0.533885 0.854140 0.063192 0.105683
7 0.229763 0.155444 0.172890 0.216025 0.193875 0.247755 0.238891 0.173552
13 0.533837 0.196691 0.074232 0.093367
13 0.040971 0.328557 0.059863 0.098605
13 0.287451 0.328256 0.065083 0.091584
