4 0.123173 0.065843 0.071655 0.118388
3 0.698376 0.590627 0.046280 0.109928
6 0.330505 0.719530 0.392656 0.673934 0.402222 0.698732 0.348500 0.769080
6 0.825093 0.164512 0.899149 0.167778 0.901014 0.199161 0.827732 0.226366
5 0.040784 0.722837 0.066311 0.107556
13 0.451608 0.459839 0.067969 0.098448
12 0.615802 0.853466 0.044881 0.110125
13 0.205398 0.853798 0.062973 0.103662
12 0.205303 0.459960 0.054723 0.108278
0 0.106035 0.277141 0.150761 0.360171 0.126071 0.387319 0.094358 0.291665
12 0.205474 0.197227 0.045286 0.110571
10 0.416910 0.002864 0.415955 0.128387 0.485226 0.129808 0.482469 0.001828
12 0.123043 0.591703 0.065241 0.129619
13 0.616763 0.197306 0.057287 0.099415
9 0.201285 0.664331 0.180458 0.760859 0.226566 0.774200 0.226982 0.665374
8 0.267700 0.410358 0.317881 0.491789 0.297347 0.517128 0.256411 0.424576
13 0.533837 0.065651 0.065703 0.092500
13 0.780223 0.722164 0.081163 0.114006
13 0.780462 0.459727 0.080398 0.120562
