2 0.520135 0.407761 0.528142 0.514674 0.547360 0.508554 0.529640 0.405131
12 0.205124 0.853723 0.011827 0.037290
7 0.229903 0.164045 0.175164 0.207986 0.191667 0.239870 0.236787 0.181743
4 0.040948 0.065431 0.020936 0.034569
13 0.944481 0.328256 0.027595 0.038866
6 0.916394 0.713045 0.964342 0.691628 0.969444 0.711212 0.925783 0.751973
12 0.533623 0.853717 0.011827 0.037290
2 0.615509 0.534729 0.597959 0.638685 0.617216 0.644483 0.624940 0.537965
13 0.369502 0.197185 0.019711 0.030987
10 0.689288 0.036631 0.680747 0.082337 0.706014 0.094433 0.713357 0.047209
10 0.112521 0.432172 0.107071 0.479072 0.133001 0.486800 0.137158 0.438594
2 0.522601 0.537588 0.525575 0.645159 0.545025 0.641358 0.532202 0.536104
8 0.845128 0.802085 0.891072 0.889372 0.869336 0.911891 0.833163 0.814750
13 0.040918 0.722176 0.019671 0.030462
13 0.451543 0.196964 0.019711 0.024144
13 0.698087 0.590971 0.019711 0.032342
2 0.348766 0.414084 0.372356 0.514940 0.390124 0.501729 0.357612 0.407936
3 0.862516 0.065375 0.023982 0.056723
13 0.862550 0.459769 0.022011 0.032017
13 0.944486 0.853729 0.031537 0.045693
