11 0.862290 0.591195 0.031209 0.051996
12 0.287451 0.328256 0.011170 0.027311
13 0.123236 0.721985 0.020903 0.031429
1 0.841126 0.294094 0.849167 0.287420 0.882735 0.357260 0.867248 0.373305
5 0.205303 0.065649 0.024967 0.040441
11 0.205508 0.196913 0.031209 0.051996
13 0.697930 0.590599 0.031537 0.045168
4 0.041114 0.328292 0.020936 0.034569
5 0.287421 0.196949 0.024967 0.040441
8 0.943834 0.663614 0.959775 0.774812 0.934005 0.778976 0.929573 0.666147
13 0.615802 0.327994 0.030880 0.038866
12 0.533883 0.722416 0.011827 0.037290
13 0.862352 0.065389 0.031537 0.045168
12 0.205155 0.591124 0.020368 0.040441
1 0.113996 0.413818 0.123056 0.413836 0.132653 0.500567 0.114281 0.503363
