0 0.271436 0.144184 0.314819 0.230958 0.289120 0.256904 0.259242 0.158159
11 0.041229 0.722840 0.060932 0.101554
13 0.205321 0.065431 0.079479 0.097079
5 0.451854 0.066279 0.063692 0.103166
5 0.615879 0.854191 0.070132 0.113599
12 0.205496 0.197176 0.046017 0.112545
12 0.862574 0.066403 0.037387 0.118006
13 0.616040 0.459572 0.074513 0.115185
13 0.533804 0.591257 0.071195 0.117183
13 0.862352 0.590599 0.065425 0.082324
13 0.944481 0.327994 0.067635 0.095140
13 0.616043 0.590872 0.076842 0.118948
1 0.355760 0.136775 0.367828 0.135892 0.384000 0.250754 0.359641 0.256327
13 0.205122 0.460349 0.063996 0.100608
