7 0.802384 0.685345 0.750800 0.738149 0.769287 0.767116 0.810381 0.701803
13 0.862351 0.328004 0.019711 0.024144
10 0.762389 0.051072 0.773102 0.095593 0.797725 0.080478 0.785483 0.035926
5 0.123154 0.590854 0.024967 0.040441
13 0.615763 0.590854 0.036794 0.037290
13 0.533964 0.591173 0.016097 0.027836
1 0.591289 0.300712 0.598453 0.291846 0.639295 0.350958 0.625853 0.371174
5 0.944333 0.722425 0.024967 0.040441
12 0.040834 0.065629 0.020368 0.040441
11 0.123190 0.853734 0.031209 0.051996
13 0.040900 0.327994 0.030880 0.038866
13 0.205596 0.065630 0.029691 0.046744
2 0.267780 0.281578 0.288478 0.384044 0.306603 0.372138 0.276792 0.276079
4 0.698125 0.590671 0.020936 0.034569
13 0.698556 0.722712 0.019300 0.031886
13 0.944642 0.328275 0.036715 0.043997
13 0.780798 0.459584 0.019300 0.031886
13 0.205157 0.459406 0.019711 0.032342
13 0.780281 0.197044 0.029691 0.046744
