12 0.123193 0.853204 0.011170 0.027311
13 0.780421 0.066039 0.029691 0.046744
4 0.944351 0.196760 0.020936 0.034569
13 0.944484 0.591130 0.022011 0.032017
12 0.698095 0.590599 0.011170 0.027311
7 0.704876 0.147085 0.678402 0.235391 0.703658 0.244463 0.717095 0.154348
13 0.287451 0.590861 0.031537 0.045168
12 0.287428 0.328516 0.020368 0.040441
13 0.451544 0.722164 0.027595 0.038866
3 0.369573 0.590528 0.023982 0.056723
10 0.772592 0.167366 0.762229 0.212099 0.786957 0.226770 0.796186 0.180399
1 0.919207 0.039136 0.926225 0.029977 0.968009 0.087381 0.954899 0.108146
13 0.287300 0.196953 0.036794 0.037290
13 0.205322 0.328256 0.031537 0.045168
12 0.780133 0.459794 0.020368 0.040441
13 0.123029 0.196691 0.031537 0.045168
13 0.698350 0.722531 0.019300 0.031886
