6 0.577410 0.464207 0.635152 0.407943 0.646349 0.430509 0.598684 0.509505
13 0.205158 0.065651 0.074653 0.094192
13 0.780131 0.459861 0.059863 0.098605
9 0.440836 0.540353 0.434327 0.633853 0.477291 0.630974 0.463976 0.533001
13 0.862125 0.065736 0.064726 0.105964
13 0.041148 0.328574 0.061378 0.101070
2 0.349753 0.798082 0.368013 0.916858 0.389002 0.905656 0.360168 0.792990
12 0.369253 0.591662 0.037803 0.119519
12 0.205520 0.591022 0.047409 0.115643
13 0.040981 0.196687 0.080298 0.124430
13 0.615966 0.196954 0.066553 0.083598
2 0.198773 0.791939 0.190471 0.910835 0.212147 0.912023 0.209431 0.792956
4 0.780165 0.591066 0.063594 0.105394
13 0.369292 0.459800 0.064899 0.094144
0 0.541488 0.404011 0.541843 0.511800 0.512608 0.506724 0.526992 0.402867
5 0.615619 0.722465 0.060460 0.097766
10 0.086131 0.675921 0.098069 0.786790 0.159266 0.769948 0.143806 0.657883
12 0.944314 0.854319 0.066032 0.131303
