0 0.123456 0.159638 0.132742 0.228772 0.113475 0.231815 0.114018 0.162028
5 0.944504 0.065911 0.024967 0.040441
13 0.369407 0.459668 0.019711 0.032342
13 0.205340 0.721888 0.019671 0.030462
13 0.205319 0.196954 0.019711 0.030987
10 0.282080 0.297194 0.268454 0.339631 0.291911 0.358912 0.304533 0.314632
4 0.698133 0.590923 0.020936 0.034569
8 0.055642 0.405977 0.040862 0.517583 0.016386 0.504040 0.042036 0.398689
13 0.944317 0.721901 0.027595 0.038866
3 0.698259 0.853216 0.023982 0.056723
6 0.266409 0.559660 0.314266 0.581596 0.312190 0.602550 0.261644 0.600680
7 0.795976 0.414995 0.754258 0.486696 0.776680 0.507377 0.806288 0.427744
0 0.771154 0.293869 0.796918 0.351344 0.780010 0.366421 0.763096 0.302080
13 0.369523 0.197200 0.019711 0.030987
13 0.041251 0.328228 0.022011 0.032017
