13 0.370214 0.853842 0.069654 0.101173
13 0.123029 0.065651 0.069406 0.098009
1 0.839533 0.141996 0.012167 0.001882
0 0.196327 0.134227 0.046312 0.112212
13 0.041064 0.853466 0.063878 0.089690
13 0.698560 0.854021 0.065688 0.103261
8 0.370134 0.397288 0.038843 0.116372
2 0.373565 0.660423 0.009245 0.122588
12 0.862690 0.853241 0.046186 0.112545
13 0.123189 0.196993 0.074663 0.091210
9 0.301080 0.672298 0.000000 0.082989
13 0.534148 0.066272 0.060348 0.094637
3 0.123494 0.591048 0.047067 0.111659
3 0.616140 0.328153 0.050335 0.119165
9 0.213972 0.533632 0.000000 0.090314
13 0.534309 0.459372 0.060599 0.095419
8 0.781008 0.397555 0.038579 0.115876
