4 0.123176 0.197145 0.072679 0.120032
13 0.944490 0.196725 0.068441 0.083575
13 0.123260 0.590625 0.068304 0.105747
13 0.862352 0.459296 0.077201 0.096930
13 0.616442 0.460110 0.066275 0.104111
13 0.040958 0.328785 0.075095 0.076256
6 0.369385 0.591140 0.073777 0.066304
3 0.616177 0.196963 0.054769 0.130098
13 0.534375 0.722774 0.065562 0.078444
13 0.780256 0.722804 0.077298 0.111803
13 0.451708 0.196691 0.070396 0.098891
13 0.533861 0.329301 0.062996 0.091907
0 0.698183 0.591357 0.041283 0.114065
13 0.205300 0.066043 0.078844 0.113982
13 0.862352 0.328256 0.062574 0.089596
13 0.041065 0.459340 0.082129 0.100250
13 0.288082 0.722601 0.071463 0.103610
13 0.451730 0.328673 0.074532 0.122509
