8 0.710345 0.141878 0.700398 0.254845 0.675398 0.244023 0.696458 0.136102
13 0.287635 0.591100 0.022011 0.032017
13 0.451855 0.328050 0.029691 0.046744
3 0.451704 0.721843 0.023982 0.056723
12 0.451871 0.065614 0.020696 0.050420
1 0.349844 0.292128 0.358150 0.286343 0.388671 0.359670 0.372537 0.373995
12 0.287286 0.853204 0.011170 0.027311
12 0.123029 0.459296 0.011170 0.027311
6 0.752992 0.708636 0.802038 0.694973 0.805893 0.715273 0.759906 0.748867
2 0.020149 0.151861 0.043966 0.252581 0.061704 0.239268 0.028982 0.145663
12 0.944317 0.459559 0.011170 0.027311
13 0.205158 0.065389 0.027595 0.038866
8 0.862672 0.532568 0.876763 0.644402 0.850934 0.647472 0.848374 0.534495
