13 0.287655 0.590647 0.036715 0.043997
13 0.944481 0.722164 0.019711 0.030987
13 0.452255 0.853753 0.019300 0.031886
4 0.451750 0.722221 0.020936 0.034569
12 0.451767 0.196937 0.011827 0.037290
13 0.945056 0.196908 0.019300 0.031886
13 0.123360 0.853735 0.022011 0.032017
3 0.862498 0.196813 0.023982 0.056723
12 0.369348 0.065628 0.011827 0.037290
13 0.123328 0.328558 0.016097 0.027836
5 0.944328 0.459821 0.024967 0.040441
12 0.287487 0.722157 0.011827 0.037290
4 0.944369 0.065678 0.020936 0.034569
13 0.616327 0.065763 0.019300 0.031886
13 0.123445 0.197250 0.029691 0.046744
12 0.533837 0.459283 0.020696 0.050420
7 0.307264 0.288118 0.259163 0.348746 0.279337 0.374678 0.316231 0.303244
8 0.518382 0.800403 0.561295 0.891548 0.538827 0.912148 0.506006 0.812012
3 0.698249 0.722255 0.023982 0.056723
