7 0.922390 0.809166 0.938252 0.908738 0.956551 0.901700 0.951869 0.802609
13 0.275289 0.824704 0.272160 0.877400 0.300408 0.883979 0.304864 0.830156
8 0.106106 0.017902 0.161526 0.088946 0.144264 0.122301 0.093910 0.038437
6 0.526267 0.155597 0.558614 0.214441 0.550440 0.234864 0.507942 0.184372
6 0.195446 0.547823 0.194938 0.629883 0.210760 0.635114 0.225542 0.556359
12 0.696200 0.046045 0.707382 0.075380 0.699918 0.084557 0.688548 0.053783
13 0.037734 0.573982 0.029923 0.597898 0.043232 0.609261 0.051638 0.583159
2 0.016666 0.435868 0.058116 0.501119 0.066226 0.485135 0.032544 0.412936
13 0.764075 0.309410 0.768438 0.356716 0.796366 0.351870 0.791285 0.300287
2 0.513317 0.293366 0.542298 0.374046 0.553204 0.366607 0.531274 0.278156
13 0.436738 0.720777 0.464452 0.706888 0.467844 0.717405 0.443825 0.743066
