8 0.037969 0.417317 0.088714 0.498116 0.069875 0.529767 0.024824 0.436576
13 0.678260 0.704121 0.679582 0.782482 0.706234 0.774555 0.693734 0.700209
9 0.345914 0.452946 0.386975 0.446123 0.389424 0.476532 0.352773 0.499916
12 0.765249 0.193726 0.771419 0.219791 0.779751 0.213422 0.773288 0.187675
8 0.259732 0.158986 0.324301 0.205147 0.313330 0.245753 0.251481 0.184671
9 0.504111 0.052789 0.544528 0.035617 0.550308 0.055162 0.519205 0.098017
13 0.366797 0.712203 0.356046 0.765502 0.368933 0.776877 0.373633 0.715161
7 0.253053 0.850227 0.317623 0.857134 0.319716 0.883780 0.254862 0.900992
13 0.264974 0.443543 0.281939 0.516695 0.305478 0.494473 0.278779 0.431292
13 0.522280 0.448556 0.515554 0.485595 0.535180 0.497843 0.541387 0.453803
13 0.837312 0.590534 0.847744 0.633814 0.871689 0.617678 0.862719 0.575743
