8 0.593000 0.689393 0.647125 0.763896 0.629711 0.797724 0.580727 0.710178
8 0.416209 0.030928 0.487939 0.064464 0.477471 0.109519 0.411523 0.056599
4 0.353269 0.596220 0.359167 0.628266 0.378975 0.618606 0.373016 0.586666
4 0.923768 0.457568 0.925674 0.490928 0.946246 0.488068 0.944268 0.454791
13 0.469843 0.189136 0.461519 0.231980 0.423929 0.212870 0.427156 0.174137
13 0.947544 0.046066 0.918190 0.074041 0.923272 0.096763 0.951471 0.055820
0 0.595511 0.170622 0.605456 0.244604 0.615112 0.239307 0.614193 0.165642
13 0.121105 0.446947 0.107383 0.478208 0.123466 0.500547 0.138093 0.462393
7 0.821734 0.740527 0.881610 0.709445 0.889011 0.729136 0.833132 0.786763
1 0.038251 0.016976 0.030244 0.112740 0.041174 0.117424 0.057147 0.025010
