13 0.115174 0.561774 0.116076 0.626011 0.136249 0.623154 0.129246 0.555770
11 0.766294 0.692820 0.762756 0.746608 0.794713 0.752145 0.798348 0.698517
7 0.417147 0.050688 0.481768 0.034773 0.487326 0.059354 0.425587 0.098277
2 0.019572 0.163606 0.050839 0.242073 0.061519 0.233842 0.037073 0.147094
13 0.927094 0.575079 0.934801 0.621282 0.962201 0.611382 0.953477 0.561059
8 0.422370 0.162575 0.491625 0.187839 0.485197 0.229893 0.417000 0.189560
12 0.114590 0.172955 0.105517 0.196078 0.133253 0.220954 0.141777 0.199319
13 0.613863 0.164502 0.633480 0.210981 0.610189 0.231510 0.602135 0.172141
2 0.111739 0.010571 0.117942 0.122045 0.133198 0.120060 0.129768 0.007979
12 0.036253 0.835130 0.051596 0.859181 0.045769 0.871007 0.030023 0.845634
13 0.215416 0.188575 0.196041 0.185709 0.199649 0.213427 0.216428 0.198973
