13 0.846708 0.052216 0.854348 0.089898 0.879693 0.079697 0.871970 0.040381
11 0.931009 0.164761 0.925520 0.219351 0.957601 0.226548 0.962930 0.174576
13 0.621640 0.176074 0.602840 0.200444 0.613804 0.218309 0.627485 0.185572
8 0.664148 0.169034 0.738795 0.184870 0.732217 0.230652 0.661680 0.194826
13 0.943988 0.692712 0.935917 0.745843 0.949480 0.755100 0.951025 0.694642
5 0.764892 0.706126 0.770641 0.745517 0.795165 0.736006 0.789851 0.697066
6 0.514618 0.031724 0.533093 0.108289 0.549005 0.103813 0.544559 0.021897
5 0.271502 0.710917 0.281257 0.748184 0.304076 0.733326 0.294682 0.696450
7 0.012875 0.166159 0.077502 0.182021 0.078183 0.208136 0.011981 0.215603
6 0.603859 0.289364 0.642100 0.338344 0.636267 0.360724 0.588934 0.322785
12 0.604582 0.054239 0.603781 0.073237 0.629299 0.073516 0.630040 0.056921
6 0.016362 0.698662 0.048338 0.762858 0.062681 0.750965 0.043085 0.674943
13 0.296044 0.564799 0.272730 0.604799 0.281718 0.623491 0.301588 0.571991
13 0.093426 0.570387 0.133282 0.632307 0.151362 0.596272 0.105321 0.552061
13 0.693450 0.297595 0.687108 0.361043 0.707274 0.364036 0.707969 0.295738
5 0.105976 0.317281 0.116620 0.353977 0.139420 0.336684 0.129260 0.300288
10 0.516150 0.701662 0.520077 0.749664 0.551244 0.743363 0.547406 0.694849
8 0.856488 0.793308 0.884324 0.801151 0.865865 0.916200 0.850538 0.911876
9 0.680209 0.427216 0.710789 0.432099 0.703581 0.494006 0.685609 0.493813
6 0.361866 0.546628 0.356966 0.628318 0.372450 0.635695 0.391394 0.559252
