11 0.020794 0.832518 0.029469 0.886041 0.060660 0.872049 0.052496 0.821027
8 0.415031 0.574793 0.490105 0.565444 0.489631 0.612413 0.415974 0.600842
13 0.113453 0.826552 0.110519 0.871655 0.136503 0.875781 0.140363 0.832936
2 0.755820 0.829789 0.797284 0.895017 0.805390 0.879029 0.771693 0.806848
5 0.682422 0.048946 0.687128 0.090285 0.713278 0.082405 0.707987 0.041314
8 0.334234 0.060687 0.404385 0.042822 0.408234 0.085674 0.335549 0.088927
6 0.018732 0.309567 0.044304 0.282187 0.069071 0.354305 0.057745 0.369578
11 0.526314 0.424651 0.512245 0.473836 0.541435 0.495357 0.555565 0.446372
9 0.756797 0.175770 0.786720 0.164567 0.792432 0.226872 0.775388 0.235988
13 0.275158 0.300375 0.309891 0.314005 0.299226 0.363512 0.268263 0.336234
3 0.940661 0.036678 0.932155 0.090194 0.953080 0.089061 0.951123 0.038286
1 0.036751 0.673116 0.032605 0.766925 0.043816 0.770281 0.056132 0.678855
13 0.435332 0.700290 0.471087 0.698977 0.468861 0.751218 0.434521 0.737783
13 0.621070 0.561854 0.600412 0.597417 0.614388 0.622598 0.634407 0.576361
13 0.920310 0.448295 0.960684 0.425486 0.966266 0.478272 0.927076 0.481806
