0 0.267713 0.714363 0.284587 0.784795 0.293617 0.777025 0.285684 0.704532
3 0.123554 0.576863 0.105797 0.625367 0.125800 0.634334 0.133160 0.583484
0 0.285702 0.837898 0.265189 0.905613 0.274681 0.911671 0.302058 0.853694
13 0.676446 0.856174 0.682556 0.901676 0.707750 0.892139 0.702954 0.848356
12 0.029656 0.873032 0.051605 0.868986 0.053090 0.883902 0.052608 0.884395 0.030189 0.888007
12 0.038765 0.184268 0.050844 0.215279 0.042604 0.223267 0.030692 0.191575
6 0.297743 0.163953 0.293287 0.244150 0.278546 0.248824 0.272342 0.162409
9 0.606127 0.428527 0.629401 0.461040 0.601884 0.506891 0.587270 0.490054
8 0.091509 0.164859 0.114559 0.138541 0.151447 0.244165 0.138753 0.258653
12 0.035826 0.454031 0.051291 0.478270 0.045666 0.490608 0.029786 0.465024
7 0.335625 0.456789 0.398305 0.452549 0.402381 0.474753 0.339418 0.506351
11 0.030157 0.303701 0.020764 0.357071 0.051268 0.372055 0.060737 0.318875
