M4-8mm 0.9460864843674696 0.1813315797548261 0.9121617041639445 0.19748959784471176 0.9175830860590818 0.22888959807293588 0.951507866262607 0.21273157998305048
M6-12mm 0.9215982930249127 0.3173292104389604 0.9503431366841983 0.3279018200137533 0.9615634426052013 0.24374813236680837 0.9328185989459156 0.23317552279201542
Standing-Screw 0.519675039749634 0.25513294048946233 0.5006548447117006 0.28670287685513457 0.5237264028074494 0.32504788919402605 0.5427465978453828 0.2934779528283538
M4-20mm 0.9297075247141617 0.7084738217482394 0.860186599232365 0.7263438385136802 0.863153468531909 0.7581843251847811 0.9326743940137058 0.7403143084193412
M6-Washer 0.8251091132682479 0.4702884966330774 0.8250907027841463 0.5258998755874562 0.8569462265834089 0.525928967816118 0.8569646370675105 0.47031758886173913
M4-12mm 0.6089342420151729 0.9389817735732258 0.6150351588812674 0.9171279931512881 0.5648600960875242 0.8784871001754326 0.5587591792214297 0.9003408805973699
Standing-Screw 0.3835564666280787 0.6150093760979638 0.4149233602951449 0.595806493946266 0.4061680428140105 0.5563546150353113 0.37480114914694407 0.5755574971870095
Standing-Nut 0.30192764314857107 0.5600914747448349 0.32624414421964854 0.5589223643517449 0.3258576710470289 0.5367477736384365 0.3015411699759516 0.5379168840315264
Standing-Screw 0.41178201364833295 0.5665056560828592 0.38493026530932023 0.517336074212119 0.37228802747094986 0.5363815009081845 0.3991397758099626 0.5855510827789243
Standing-Screw 0.15408498795749195 0.6987386402994238 0.11968150540218761 0.6780670470809091 0.11463922479352001 0.701216789621467 0.14904270734882422 0.7218883828399815
Standing-Nut 0.8556828942360796 0.6144608344093228 0.8702245150732891 0.6457891820597625 0.8805617295141607 0.632552792201098 0.866020108676951 0.6012244445506582
M4-20mm 0.8778645643102406 0.348761669116731 0.9278161992790194 0.4065845948688709 0.9385164035387092 0.3810850510605757 0.8885647685699308 0.3232621253084361
Standing-Nut 0.29521912960985697 0.9878863446064018 0.3249639561565337 0.9997059739154959 0.3290400389878301 0.9714089160519452 0.2992952124411535 0.9595892867428514
Standing-Nut 0.5690805502193735 0.38988374731218556 0.571853055916775 0.3536717062634989 0.5675625895790268 0.35276552591505866 0.5647900838816254 0.3889775669637453
Standing-Nut 0.9385399674585921 0.373851740798674 0.9588765847312982 0.35389071033468134 0.9524932290997399 0.33595017094196644 0.9321566118270338 0.35591120140595905
Standing-Nut 0.6435449585827658 0.28429230051903087 0.6681375327015517 0.2837104489287782 0.6679477954115708 0.261587900516528 0.6433552212927849 0.2621697521067806
M4-8mm 0.48817200121591575 0.6106607256945452 0.4836733208573636 0.577130359379013 0.44814006918836646 0.5902817745492375 0.45263874954691863 0.6238121408647701
M4-8mm 0.5037358515246881 0.745023515278541 0.4947657758866122 0.8036862116119468 0.5148251783227277 0.8121476222730584 0.5237952539608036 0.7534849259396527
Standing-Screw 0.6849463600555169 0.8480931780878552 0.6570344804745717 0.8189154491312352 0.6426079588769219 0.8569860669736524 0.6705198384578672 0.8861637959302726
Standing-Screw 0.6350795025216855 0.060713447516370006 0.6624829088524067 0.04820532310986754 0.6579674995775618 0.020915534189254195 0.6305640932468407 0.033423658595756314
M6-16mm 0.2418906837591818 0.1560849118557002 0.1951194733420026 0.23376754859611232 0.21574038499428616 0.26801696773349043 0.26251159541146535 0.1903343309930783
M6-12mm 0.5769437580017903 0.0926973603211593 0.5509965603728584 0.11540820790677178 0.5751645221455882 0.19157888916333812 0.60111171977452 0.16886804157772534
Standing-Screw 0.6825906841569244 0.8479234984338188 0.7039260318571272 0.8204142453664958 0.6895062534645026 0.7895631768706526 0.6681709057642997 0.8170724299379756
M4-Washer 0.03917173000587368 0.7049352444565345 0.021298958427306232 0.7346044007791879 0.0381156329741758 0.7625502637393493 0.055988404552743176 0.7328811074166959
M4-Nut 0.7390741749787376 0.18891468569950753 0.7169579029298473 0.1752354420417483 0.7095057083661447 0.20847266426052652 0.7316219804150353 0.22215190791828568
Standing-Nut 0.6307370517405343 0.9686583144201818 0.6578244578678643 0.944682155063077 0.6496068212239929 0.9190712200185481 0.6225194150966629 0.9430473793756531
M4-Washer 0.3644315746887764 0.911989846630871 0.34656268916159294 0.8823052332512138 0.32900876270928037 0.9114547286842085 0.3468776482364636 0.9411393420638654
Standing-Nut 0.21930909338160923 0.14989271446519573 0.1964598000089682 0.15938035302003425 0.19944157689497516 0.17919017094953202 0.2222908702676162 0.1697025323946935
Standing-Nut 0.5455136540962289 0.18089677825773937 0.564735045513654 0.1722462203023758 0.5639888444814534 0.1676723141913915 0.5447674530640282 0.17632287214675504
M4-Nut 0.7294930923242062 0.04696591519604229 0.7153403216984526 0.017187816765800244 0.6973976359457479 0.04071243886011889 0.7115504065715016 0.07049053729036092
Standing-Screw 0.29881217987147796 0.07884832674956829 0.32121254718486486 0.18185278655428122 0.35019228401579616 0.16446740422871112 0.3277919167024091 0.06146294442399756
M6-16mm 0.48426582120908274 0.6308289530047414 0.5461850968452635 0.5930283353579152 0.5360327471116111 0.5471524732444307 0.47411347147543026 0.5849530908912577
M4-Washer 0.6069570871261378 0.2818529517638589 0.5952489318224039 0.2958963282937365 0.596860823660365 0.29960350705216227 0.6085689789640989 0.2855601305222846
Standing-Screw 0.7181298673120741 0.493917130112156 0.7521354976083536 0.5078569226076726 0.7587763646999338 0.4631669584885479 0.7247707344036548 0.44922716599303164
M4-12mm 0.3721248293450999 0.5168011698312505 0.38313186384331865 0.4347011440390036 0.3621093816771965 0.42692612028787047 0.35110234717897776 0.5090261460801178
M4-Washer 0.14582688706285496 0.6305317299853681 0.14233899441146924 0.6759005818665375 0.1676675789776917 0.6812722223641261 0.17115547162907738 0.6359033704829568
Standing-Nut 0.9411926073144325 0.9922013435490151 0.963965536417616 0.979179605447357 0.9597005493555362 0.9586037285307167 0.9369276202523529 0.9716254666323746
Standing-Screw 0.8769675570544612 0.5146593738926671 0.8576072821846554 0.5048537421354118 0.8545458767343677 0.5215280374127663 0.8739061516041735 0.5313336691700216
Standing-Screw 0.5999612953161065 0.2755586942704769 0.6131060066097141 0.2982824299645906 0.6252111101210689 0.2789658370403935 0.6120663988274613 0.25624210134627984
Standing-Screw 0.976156795607202 0.2591465532876951 0.9323978183413094 0.26688784389313286 0.935410535364472 0.3138667425316831 0.9791695126303648 0.3061254519262448
