13 0.205234 0.197264 0.060611 0.099822
13 0.615966 0.459559 0.069773 0.099800
13 0.369930 0.460337 0.068783 0.099842
5 0.205327 0.723016 0.080815 0.131303
13 0.944491 0.196722 0.066591 0.081308
8 0.851318 0.270161 0.887070 0.374279 0.862052 0.390214 0.837513 0.279209
13 0.123193 0.328256 0.070396 0.099086
13 0.041058 0.328030 0.071416 0.087164
13 0.041064 0.853466 0.063292 0.088836
1 0.363348 0.530179 0.374840 0.532849 0.377101 0.645712 0.353475 0.643890
13 0.451708 0.459559 0.063075 0.090336
13 0.041676 0.591619 0.073493 0.115428
13 0.369654 0.197286 0.062973 0.103662
12 0.780443 0.853575 0.049088 0.120048
9 0.277464 0.670904 0.269375 0.764697 0.312785 0.763592 0.300938 0.664473
13 0.945142 0.328386 0.070067 0.083594
12 0.123033 0.854116 0.053999 0.107556
