13 0.041083 0.327984 0.019671 0.030462
13 0.369415 0.065389 0.027595 0.038866
13 0.451744 0.722158 0.031537 0.045693
13 0.123029 0.065651 0.031537 0.045168
12 0.697990 0.722408 0.020368 0.040441
0 0.122699 0.684586 0.133080 0.753322 0.113867 0.757145 0.113302 0.687359
8 0.534482 0.138410 0.547634 0.250536 0.521781 0.253052 0.520168 0.140030
13 0.862292 0.590843 0.036794 0.037290
0 0.190276 0.430764 0.225552 0.473419 0.212205 0.495842 0.184106 0.442430
12 0.287299 0.328256 0.011827 0.037290
13 0.616029 0.722406 0.036794 0.037290
