13 0.944781 0.328876 0.059861 0.093871
6 0.533603 0.328231 0.078194 0.070270
13 0.205322 0.853466 0.080219 0.112506
5 0.697796 0.066293 0.064238 0.104230
6 0.451454 0.722271 0.074196 0.066704
13 0.944481 0.721901 0.067635 0.095140
12 0.862188 0.196954 0.047978 0.117720
13 0.287493 0.328882 0.075811 0.109473
13 0.451920 0.853218 0.065323 0.097912
2 0.123176 0.459984 0.029948 0.120122
13 0.862352 0.459559 0.064475 0.090560
10 0.615232 0.722105 0.056484 0.104033
13 0.944712 0.590695 0.073604 0.110462
