12 0.451544 0.459559 0.047238 0.115724
13 0.780168 0.065994 0.073686 0.106465
4 0.780215 0.459324 0.060131 0.098940
11 0.451848 0.591534 0.059515 0.099229
8 0.781717 0.529154 0.794378 0.648284 0.767045 0.650224 0.766581 0.530468
4 0.698085 0.328279 0.059440 0.098208
0 0.133545 0.405495 0.128564 0.512335 0.099761 0.503593 0.119196 0.402521
13 0.041460 0.460332 0.070547 0.102540
13 0.698443 0.460827 0.059862 0.103866
13 0.781741 0.724038 0.064334 0.106285
4 0.944649 0.328440 0.077947 0.128990
10 0.496940 0.281676 0.508484 0.392652 0.569739 0.376369 0.554679 0.264165
13 0.205378 0.065607 0.062252 0.096073
3 0.041442 0.328254 0.055191 0.131303
2 0.591972 0.148250 0.620355 0.258298 0.639597 0.242601 0.601562 0.140910
13 0.287451 0.721901 0.078777 0.098886
13 0.206033 0.328864 0.076524 0.120340
13 0.862430 0.328249 0.078061 0.120850
11 0.533972 0.460234 0.059515 0.099229
13 0.205273 0.197305 0.074381 0.107706
