0 0.449765 0.028200 0.463095 0.095622 0.444094 0.101562 0.440510 0.032005
7 0.716685 0.811838 0.670464 0.876093 0.691394 0.900445 0.726098 0.826257
13 0.287631 0.722136 0.016097 0.027836
4 0.780091 0.590932 0.020936 0.034569
13 0.205176 0.328100 0.019711 0.032342
9 0.206929 0.688281 0.188597 0.740016 0.214103 0.755479 0.221568 0.693239
13 0.697907 0.065648 0.019711 0.030987
9 0.204509 0.556897 0.189738 0.611466 0.216132 0.622485 0.219395 0.559326
6 0.264126 0.039559 0.313408 0.050844 0.313142 0.072054 0.262910 0.081235
13 0.944317 0.196954 0.031537 0.045168
9 0.374875 0.164316 0.351116 0.210061 0.374513 0.232483 0.388736 0.173329
13 0.533620 0.590847 0.019711 0.030987
4 0.287321 0.328324 0.020936 0.034569
13 0.041031 0.065485 0.019711 0.032342
13 0.041064 0.590599 0.027595 0.038866
5 0.533798 0.197209 0.024967 0.040441
6 0.423245 0.852675 0.468055 0.817991 0.475250 0.835816 0.436808 0.888320
