13 0.780059 0.590599 0.027595 0.038866
7 0.460266 0.541637 0.430956 0.627624 0.455884 0.638782 0.472232 0.549906
11 0.287423 0.722465 0.031209 0.051996
6 0.506608 0.314720 0.555655 0.301072 0.559507 0.321373 0.513517 0.354953
9 0.614331 0.819830 0.600903 0.875279 0.627546 0.884644 0.629266 0.821329
1 0.279727 0.281837 0.288775 0.282595 0.295587 0.369998 0.277150 0.371288
13 0.944488 0.459559 0.036794 0.037290
13 0.369665 0.590900 0.029691 0.046744
13 0.533673 0.590599 0.030880 0.038866
13 0.862524 0.853711 0.036715 0.043997
7 0.040204 0.014317 0.027979 0.110273 0.053857 0.109237 0.053161 0.016604
3 0.451866 0.065727 0.023982 0.056723
3 0.780219 0.721962 0.023982 0.056723
12 0.287335 0.459810 0.011827 0.037290
10 0.186273 0.580285 0.200667 0.622069 0.223779 0.601750 0.207867 0.560267
6 0.012801 0.727602 0.054223 0.683448 0.062875 0.699533 0.029285 0.759947
6 0.753116 0.182262 0.802417 0.171189 0.805851 0.191680 0.759197 0.222835
