11 0.123182 0.591140 0.031209 0.051996
13 0.123029 0.853204 0.027595 0.038866
13 0.123210 0.196938 0.019671 0.030462
13 0.615865 0.196728 0.020903 0.031429
13 0.616334 0.065711 0.036715 0.043997
2 0.200734 0.797514 0.190649 0.903976 0.210192 0.906256 0.210333 0.799024
12 0.205322 0.722164 0.011170 0.027311
0 0.276230 0.557874 0.305534 0.610837 0.289678 0.628599 0.268739 0.567359
13 0.862761 0.721815 0.019300 0.031886
7 0.227382 0.291282 0.175943 0.344447 0.194510 0.373284 0.235424 0.307683
13 0.862299 0.590934 0.022011 0.032017
8 0.378588 0.271505 0.375586 0.385484 0.350044 0.378616 0.364414 0.267924
10 0.770208 0.694305 0.763917 0.740936 0.789696 0.749852 0.794719 0.701858
10 0.515924 0.313672 0.526374 0.358353 0.551085 0.343608 0.539106 0.298874
13 0.451696 0.459558 0.031537 0.045693
