12 0.862426 0.197717 0.059709 0.118945
7 0.037998 0.140630 0.000000 0.090782
13 0.862247 0.722519 0.065613 0.107808
13 0.863467 0.330421 0.058842 0.097212
1 0.185527 0.531027 0.012501 0.001935
0 0.183264 0.678046 0.040581 0.099007
13 0.287286 0.459296 0.066711 0.094159
6 0.335059 0.292424 0.071747 0.001147
9 0.784183 0.788934 0.000000 0.099346
13 0.125184 0.460154 0.067959 0.112273
11 0.780336 0.328931 0.058606 0.097736
5 0.533573 0.591557 0.067768 0.109895
13 0.945205 0.722184 0.074022 0.088438
5 0.944244 0.853946 0.071708 0.115745
13 0.697844 0.460261 0.060836 0.095286
4 0.780133 0.722382 0.059440 0.098208
13 0.287529 0.196945 0.078061 0.120850
1 0.914002 0.423131 0.011269 0.001739
13 0.615802 0.590599 0.066711 0.094330
