10 0.168167 0.808766 0.181244 0.918224 0.241517 0.899724 0.224946 0.789185
9 0.444209 0.537094 0.431029 0.631925 0.475385 0.636642 0.468502 0.533679
8 0.856137 0.658988 0.883567 0.776041 0.856113 0.786649 0.840964 0.665106
1 0.833450 0.418778 0.843402 0.409251 0.889627 0.494513 0.870612 0.516946
13 0.205377 0.459616 0.068486 0.103327
13 0.288091 0.591071 0.065507 0.095260
13 0.944481 0.853466 0.070396 0.100660
13 0.287933 0.328585 0.062996 0.091907
13 0.533837 0.590599 0.067635 0.095140
5 0.040790 0.066070 0.067031 0.108278
10 0.926858 0.396214 0.906585 0.494692 0.960883 0.523471 0.978616 0.421576
3 0.534202 0.853432 0.053427 0.126613
12 0.862341 0.854391 0.041553 0.131303
13 0.780495 0.592135 0.058142 0.100856
