13 0.698157 0.196994 0.020903 0.031429
5 0.123188 0.065651 0.024967 0.040441
12 0.862188 0.065651 0.011170 0.027311
6 0.669676 0.856114 0.712718 0.816119 0.720735 0.833024 0.684884 0.890019
8 0.521460 0.666972 0.558702 0.764283 0.535100 0.781339 0.508444 0.676628
13 0.040991 0.459794 0.031537 0.045693
8 0.876757 0.274553 0.862338 0.386280 0.837818 0.372939 0.863128 0.267378
13 0.369665 0.853812 0.016097 0.027836
13 0.451701 0.196976 0.022011 0.032017
13 0.123271 0.328225 0.036794 0.037290
13 0.205342 0.065655 0.019671 0.030462
2 0.180158 0.289104 0.213761 0.382421 0.229936 0.364737 0.188255 0.280723
13 0.041111 0.065730 0.020903 0.031429
2 0.920017 0.681893 0.951962 0.776688 0.968442 0.759739 0.928258 0.673881
13 0.780223 0.590599 0.027595 0.038866
4 0.615854 0.328018 0.020936 0.034569
12 0.205158 0.196954 0.011170 0.027311
