Standing-Nut 0.6113459037711313 0.8193844492440605 0.6113459037711313 0.8631209503239741 0.6243498049414824 0.8631209503239741 0.6243498049414824 0.8193844492440605
M4-Nut 0.5846974680639486 0.22522551137085503 0.5916966266350493 0.2717253207978656 0.6131148167979806 0.26283191462330074 0.6061156582268798 0.21633210519629018
M4-Nut 0.19452220801375544 0.5007341616412891 0.19357158498901023 0.4517883683650422 0.1683974787030704 0.4531371378023646 0.16934810172781564 0.5020829310786115
Standing-Nut 0.13897758944738303 0.27028621760792115 0.11067575108695267 0.3111078472585201 0.1313359365093381 0.3506216857566512 0.15963777486976816 0.309800056106052
M4-20mm 0.008334141719926465 0.5742634802421982 0.03686727633904833 0.6869139485247879 0.05765375959672297 0.6723898829385182 0.029120624977600772 0.5597394146559279
M6-20mm 0.824588888510492 0.28666597807978766 0.7975578460811815 0.15769186784039735 0.7669081727769609 0.1754124016786292 0.7939392152062711 0.3043865119180192
M6-Washer 0.547626788036411 0.11906047516198705 0.547626788036411 0.17521598272138228 0.5791612483745123 0.17521598272138228 0.5791612483745123 0.11906047516198705
Standing-Screw 0.9418087363121539 0.23381704487946856 0.900790748729426 0.18092892635565497 0.885298202618396 0.2140748195691498 0.9263161902011238 0.2669629380929631
M4-Nut 0.5732200429359576 0.8141254616790423 0.5623129246466247 0.7701301647347503 0.5421193665792046 0.7839405983615986 0.5530264848685376 0.8279358953058904
M6-Nut 0.8621711380009521 0.13146305819547274 0.894429694970391 0.0890467716691527 0.8736578017161818 0.045467589914044704 0.841399244746743 0.08788387644036506
M4-8mm 0.9087442448950905 0.6480649115638321 0.9125926967279374 0.609713385091355 0.876216919129793 0.5996439203782616 0.8723684672969458 0.6379954468507384
M4-Nut 0.3210178570812623 0.9230210654765656 0.2994803613497843 0.8984279666114774 0.2865230258732792 0.9297311387502792 0.3080605216047573 0.9543242376153674
M6-Nut 0.3399862031780266 0.8164028341147342 0.3535736940594374 0.8652992150871835 0.38255970693647146 0.843079334141074 0.3689722160550604 0.7941829531686246
Standing-Screw 0.860847448876367 0.35174177027748693 0.8733745123537061 0.3112850971922247 0.8554878519721183 0.29600665516803853 0.8429607884947795 0.3364633282533008
M4-Nut 0.36427178153446027 0.7275917926565875 0.3864034210263078 0.703086060807443 0.3745498649594879 0.6735545771722878 0.35241822546764023 0.6980603090214321
Standing-Nut 0.7808018775495662 0.5035947809106778 0.7708262821312147 0.5400455634782094 0.7827546894205247 0.5490510074262552 0.7927302848388763 0.5126002248587236
Standing-Screw 0.9288435683696109 0.899380235923106 0.9091243122010187 0.9764434197302333 0.9366397134598287 0.9958661433077943 0.9563589696284216 0.9188029595006669
M4-Nut 0.6998049414824447 0.7026457883369334 0.6907997399219766 0.6577753779697625 0.6705136540962289 0.6690064794816415 0.6795188556566969 0.7138768898488121
M4-Nut 0.5375487646293888 0.7653887688984882 0.5375487646293888 0.8010259179265659 0.5638816644993498 0.8010259179265659 0.5638816644993498 0.7653887688984882
M4-Nut 0.6765395100763731 0.317765949282433 0.6474754609123854 0.3143179002532589 0.6456634960031157 0.3564509763076822 0.6747275451671034 0.3598990253368562
Standing-Screw 0.8784765429628889 0.4127911613224788 0.9100580174052216 0.4098770559893669 0.9087626287886366 0.3711496926399734 0.8771811543463038 0.37406379797308525
Standing-Nut 0.4635163956830361 0.9179048988182855 0.4312928114103021 0.9551364680634465 0.44761312151607285 0.9941020896672216 0.479836705788807 0.9568705204220611
M4-Nut 0.3460136013777107 0.7532251473936137 0.3417618528801884 0.7085006712976475 0.32069377570027763 0.7140257428054404 0.32494552419779993 0.7587502189014067
Standing-Screw 0.8947627651127197 0.3217311110686366 0.8814642622875359 0.3757229687111757 0.9116678366341763 0.39624514994552645 0.92496633945936 0.3422532923029874
Standing-Nut 0.16283736117687353 0.17744408359188557 0.14956430790727246 0.22492628711423965 0.16995709940684223 0.24065189160522982 0.18323015267644308 0.19316968808287574
Standing-Nut 0.9181423544710471 0.3356784398424596 0.9491566587623347 0.3242313556091979 0.9449342155587852 0.2926724685554568 0.9139199112674978 0.3041195527887181
Standing-Screw 0.8382238809573906 0.4794093130374504 0.8685847133450378 0.4887475580202923 0.8728791051108435 0.4502315942045591 0.8425182727231962 0.4408933492217174
Standing-Nut 0.3623838298278474 0.652074623020984 0.3948563009269751 0.6811158777022607 0.40500292289521705 0.6498181980303961 0.3725304517960893 0.6207769433491193
M4-Nut 0.6929453836150845 0.8139848812095032 0.6929453836150845 0.8512419006479481 0.721553966189857 0.8512419006479481 0.721553966189857 0.8139848812095032
Standing-Screw 0.32421998656250756 0.707403956517943 0.32121218690776904 0.7653537967774027 0.347890520888931 0.7691736446271671 0.35089832054366976 0.7112238043677073
M6-Nut 0.6295513654096229 0.6654967602591793 0.6295513654096229 0.7178725701943844 0.6633615084525357 0.7178725701943844 0.6633615084525357 0.6654967602591793
Standing-Screw 0.3633700918135703 0.5810589066210275 0.34925144573939865 0.6289354997384555 0.3646461296467542 0.6414591602574381 0.3787647757209259 0.59358256714001
M6-Nut 0.38409833760939094 0.8233903449886173 0.4255878114785785 0.8119053178448437 0.4208167855762134 0.7643599322864983 0.3793273117070256 0.7758449594302725
Standing-Screw 0.9380882334007132 0.6909255180377649 0.9173898209066682 0.7329432457284606 0.9444759170325356 0.7697511921818533 0.9651743295265808 0.7277334644911577
Standing-Nut 0.9451986458006367 0.28977992105459144 0.9334054526702839 0.33874841736798983 0.9514539706739606 0.3507391822447308 0.9632471638043136 0.3017706859313323
M4-16mm 0.6047196511894745 0.11367678820988439 0.5896695479232005 0.21366408334392073 0.6097873479690966 0.22201753271502986 0.6248374512353706 0.12203023758099352
Standing-Screw 0.16958700748910793 0.9738318014850783 0.19121429859614814 0.8968583973136165 0.1631301434225888 0.8750906496823321 0.1415028523155486 0.9520640538537938
M6-Nut 0.44749674902470743 0.5172786177105831 0.47139141742522755 0.5569654427645788 0.49366059817945385 0.5199784017278618 0.46976592977893367 0.48029157667386607
M6-Washer 0.4687906371911573 0.6555075593952484 0.48296488946684 0.7025917926565874 0.5132639791937581 0.6774298056155507 0.49908972691807546 0.6303455723542117
Standing-Screw 0.7300065019505851 0.45167386609071275 0.7300065019505851 0.4970302375809935 0.7498374512353706 0.4970302375809935 0.7498374512353706 0.45167386609071275
