13 0.431220 0.854407 0.466612 0.854856 0.463420 0.908426 0.429708 0.892893
8 0.754646 0.011754 0.782291 0.004689 0.787877 0.126443 0.772653 0.130329
13 0.436599 0.043867 0.433291 0.084219 0.458628 0.092844 0.462300 0.050919
11 0.192212 0.710707 0.185261 0.763207 0.216056 0.774509 0.223465 0.722238
13 0.274981 0.326734 0.280855 0.355460 0.293982 0.345253 0.287812 0.319044
2 0.766590 0.559276 0.763761 0.654810 0.775330 0.658053 0.786630 0.562052
13 0.052642 0.044662 0.024248 0.075250 0.030067 0.097479 0.056882 0.054047
5 0.924630 0.853654 0.920884 0.894719 0.944955 0.901169 0.948881 0.860757
2 0.126526 0.143378 0.102195 0.251103 0.116336 0.260117 0.143304 0.153801
13 0.680858 0.760930 0.691004 0.716267 0.698198 0.718546 0.696044 0.765892
12 0.358644 0.863266 0.378520 0.879831 0.373855 0.893653 0.353915 0.876361
13 0.866279 0.856021 0.836701 0.883338 0.841599 0.906171 0.870127 0.865862
0 0.260852 0.592337 0.262254 0.626180 0.308086 0.611902 0.307451 0.595626
13 0.515511 0.043564 0.518300 0.089953 0.544000 0.085490 0.542391 0.041068
3 0.842990 0.580305 0.845265 0.636257 0.859293 0.635063 0.862323 0.580745
13 0.035970 0.712301 0.029340 0.760968 0.049126 0.771825 0.051893 0.714197
8 0.170120 0.171876 0.243667 0.191787 0.236320 0.238513 0.167205 0.198261
