13 0.772442 0.167962 0.772815 0.232213 0.793011 0.229781 0.786562 0.162256
13 0.130759 0.301129 0.109041 0.343365 0.118738 0.361129 0.136571 0.307757
2 0.270276 0.420108 0.291297 0.506864 0.302780 0.502146 0.289465 0.409411
12 0.281194 0.050332 0.298820 0.072213 0.293574 0.084291 0.293015 0.084093 0.275232 0.061381
7 0.697046 0.534394 0.672591 0.629415 0.689899 0.641234 0.723144 0.557269
0 0.948608 0.159054 0.923059 0.220439 0.932136 0.228140 0.963856 0.177496
13 0.098263 0.848387 0.136041 0.816152 0.146512 0.867002 0.108097 0.879896
13 0.029058 0.837366 0.033357 0.874364 0.054398 0.870404 0.047679 0.827740
9 0.106545 0.163174 0.136924 0.170606 0.127701 0.231826 0.109759 0.230130
12 0.771797 0.705898 0.767266 0.723507 0.791409 0.736719 0.795407 0.721358
4 0.442107 0.574020 0.441126 0.606577 0.461951 0.608550 0.462852 0.576057
13 0.849298 0.825994 0.847852 0.878876 0.876273 0.883146 0.879008 0.829031
5 0.025453 0.184554 0.034134 0.222495 0.057354 0.209318 0.049023 0.171795
8 0.508938 0.675720 0.574380 0.735274 0.557516 0.773739 0.500584 0.698134
13 0.690919 0.313619 0.691233 0.343125 0.705760 0.340148 0.704694 0.312828
